$ANSIBLE_VAULT;1.1;AES256
63323135363231616135383437396466636663313336343065643566653935323636373163363162
6236336637653261643137653433346436393962613663380a393561326636656465613863386264
39353135346130623131316465343365643035383934366532326463393033353966396566353533
3635633132646338310a336161323865363831633136383835623165393664613836613230363461
36656234373930623731623462393666626237636361376564346532326432616235396565613139
30663633333766643961316338316131303163386366393036336636663332663131333130323865
39306332613763633664336131396632636565363663663634343666366331353236656366613038
37303466373765633933333165313939366534613063306438343139383235373861623139356236
63343436316261383161356532326338376361386437626136643233383066393464663135373566
34636462636139656230326432373431383639373565663062376135643562623531313237396564
363234376561326636633830383633316539
